$ 1 0.000005 8.281975887399955 41 5 50 5e-11
f 464 384 512 384 32 1.5 0.02
r 512 448 512 528 0 100
d 512 256 512 368 2 default-led
g 512 528 512 560 0 0
r 192 384 304 384 0 10000
c 304 384 304 496 0 0.000009999999999999999 3.7387209362293277 0.001
g 384 640 384 672 0 0
368 464 384 464 336 0 0
368 512 368 560 368 0 0
368 512 400 560 400 0 0
368 304 384 304 336 0 0
R 128 384 128 320 0 2 496 2.5 2.5 0 0.8
r 464 384 464 480 0 100000
w 512 448 512 400 0
w 464 384 400 384 0
r 400 384 336 384 0 200
w 128 384 192 384 0
g 464 480 464 512 0 0
w 304 384 336 384 0
R 512 256 512 208 0 0 40 5 0 0 0.5
g 304 496 304 528 0 0
o 10 64 0 4099 5 6.4 0 2 10 3
