$ 1 0.000005 0.8031194996067259 50 5 50 5e-11
a 544 272 672 272 8 15 -15 1000000 3.502739308928253 3.5027743363213424 100000
r 464 288 544 288 0 1000
c 544 288 544 368 0 0.00009999999999999999 3.5027743363213424 0.001
g 544 368 544 384 0 0
w 544 256 544 208 0
w 544 208 672 208 0
w 672 208 672 272 0
w 672 272 704 272 0
p 704 272 704 336 3 0 0
g 704 336 704 352 0 0
g 864 144 880 144 0 0
R 464 288 400 288 0 2 1000 2.5 2.5 0 0.7000000000000001
w 800 336 704 336 0
p 464 288 464 368 3 0 0
w 544 368 464 368 0
d 704 272 704 192 2 default
r 864 144 800 144 0 1000
368 720 144 768 192 0 0
w 720 144 800 144 0
w 720 144 704 192 0
o 8 4 0 12290 5 0.0001 0 9 11 0 11 3 2 0 2 3 2 0 2 3 15 0 15 3
