$ 1 0.000005 0.8031194996067259 43 5 50 5e-11
r 304 352 416 352 0 100
c 416 400 416 480 0 0.00009999999999999999 2.281416343170478 0.001
g 416 480 416 496 0 0
r 416 400 480 400 0 100
34 zener-6-2 0 1.0000000000000001e-16 20 2 6 0
d 480 400 560 400 2 zener-6-2
w 560 400 560 480 0
w 560 480 416 480 0
R 304 400 272 400 0 2 1000 2.5 2.5 0 0.5
w 304 480 416 480 0
p 304 400 304 480 3 0 0
p 480 400 560 480 3 0 1
r 304 400 416 400 0 100
w 304 352 304 400 0
w 416 352 416 400 0
p 416 400 304 480 3 0 0
o 9 4 0 4098 5 0.1 0 5 4 0 4 3 9 0 14 0
