$ 1 0.000005 1.3241202019156522 48 5 50 5e-11
w 496 96 528 96 0
i 528 0 528 96 0 0.02
w 496 0 528 0 0
g 496 -48 464 -48 0 0
d 496 96 496 64 2 default
d 496 64 496 48 2 default
d 496 48 496 32 2 default
d 496 32 496 16 2 default
d 496 16 496 0 2 default
r 496 0 496 -48 0 10
r 464 0 464 96 0 1000000
w 464 96 496 96 0
w 464 0 496 0 0
R 496 304 448 304 0 3 200 2.5 2.5 0 0.5
a 496 288 592 288 8 15 -15 1000000 1.5899912168574886 1.5899999981925372 100000
g 672 304 672 320 0 0
r 592 288 640 288 0 300
r 512 224 576 224 0 200
w 576 224 592 288 0
R 592 176 656 176 0 0 40 5 0 0 0.5
r 528 176 592 176 0 10
t 640 288 672 288 0 -1 0.9174266822086672 -0.6725645346488214 100 default
t 512 224 512 176 0 1 -4.1218664942357375 -0.7118577111695457 100 default
w 496 96 496 128 0
w 496 128 576 128 0
w 672 224 672 272 0
w 640 288 640 256 0
w 576 128 672 128 0
w 496 128 496 176 0
d 640 256 672 272 2 default
w 672 128 672 224 0
w 496 272 496 224 0
w 496 224 496 176 0
o 13 8 0 4099 5 0.2 0 4 13 3 9 0 9 3
o 23 64 0 x81053 5 0.1 1 2 0.75 0 23 3 0.01 0
o 21 16 4 4098 2.5 0.1 2 1
o 18 16 0 4099 20 0.1 3 4 18 3 26 0 26 3
