$ 1 0.000005 2.008553692318767 48 5 50 5e-11
a 592 240 688 240 8 15 -15 1000000 2.5975768221601996 2.5976027979284213 100000
w 560 224 592 224 0
w 560 224 560 176 0
w 688 240 688 176 0
w 560 176 592 176 0
w 688 176 656 176 0
i 592 80 592 176 0 0.02
w 560 80 592 80 0
g 560 32 528 32 0 0
d 560 176 560 144 2 default
d 560 144 560 128 2 default
d 560 128 560 112 2 default
d 560 112 560 96 2 default
d 560 96 560 80 2 default
g 592 320 592 336 0 0
r 560 80 560 32 0 10
w 592 176 656 176 0
r 528 80 528 176 0 1000000
w 528 176 560 176 0
w 528 80 560 80 0
R 592 256 512 256 0 3 200 1.7 1.7 0 0.5
o 20 8 0 4099 5 0.00009765625 0 2 20 3
o 16 32 0 x810d3 5 0.1 1 2 0.3 11 16 3 0.005 0
