$ 1 0.000005 1.8479586061009856 48 5 50 5e-11
w 496 96 528 96 0
i 528 0 528 96 0 0.01
w 496 0 528 0 0
g 496 -48 464 -48 0 0
d 496 96 496 64 2 default
d 496 64 496 48 2 default
d 496 48 496 32 2 default
d 496 32 496 16 2 default
d 496 16 496 0 2 default
r 496 0 496 -48 0 10
r 464 0 464 96 0 1000000
w 464 96 496 96 0
w 464 0 496 0 0
R 496 304 448 304 0 3 200 3 2 0 0.5
a 176 240 272 240 8 15 -15 1000000 0 0 100000
g 752 304 752 320 0 0
r 592 288 640 288 0 300
w 576 224 592 288 0
R 592 176 656 176 0 0 40 9 0 0 0.5
t 640 288 672 288 0 -1 6.825474220562004 1.1918367489216286 100 default
t 512 224 512 176 0 1 -4.674525777356479 0.6566231525624349 100 default
w 496 96 496 128 0
w 496 128 576 128 0
w 672 224 672 272 0
w 640 288 640 256 0
w 576 128 672 128 0
w 672 128 672 224 0
w 496 272 496 224 0
w 496 224 496 176 0
w 528 176 592 176 0
409 496 288 592 288 1 0.6 -12.78436632978348 0.0231 0
R 544 256 560 240 0 0 40 9 0 0 0.5
R 544 320 560 320 0 0 40 -9 0 0 0.5
R 672 304 704 304 0 0 40 -2.5 0 0 0.5
r 496 128 496 176 0 50
w 512 224 576 224 0
o 21 64 0 x81053 5 0.1 0 2 0.75 0 21 3 0.01 0
o 21 8 0 4099 5 0.1 1 2 21 3
o 27 8 0 4099 5 0.00009765625 2 4 27 3 13 0 13 3
