$ 1 0.000005 1.1208435524800693 55 5 50 5e-11
w 384 208 416 208 0
w 384 304 416 304 0
r 384 208 384 304 0 1000000
r 416 208 416 160 0 10
d 416 224 416 208 2 default
d 416 240 416 224 2 default
d 416 256 416 240 2 default
d 416 272 416 256 2 default
d 416 304 416 272 2 default
w 416 208 448 208 0
i 448 208 448 304 0 0.01
w 416 304 448 304 0
a 176 -16 176 80 8 15 -15 1000000 0 0 100000
w 480 -64 432 -64 0
w 416 160 432 144 0
t 416 112 416 144 0 -1 14.404873154301196 0.6548670596426067 100 default
w 320 144 400 144 0
w 416 304 416 336 0
a 400 336 400 432 8 15 -15 1000000 3.1929746189222357 3.193 100000
R 224 320 16 320 0 0 40 3.2 0 0 0.5
w 416 336 496 336 0
w 512 432 400 432 0
R 592 336 656 336 0 0 40 9 0 0 0.5
t 512 432 512 336 0 1 -6.461892223444769 -0.6548668424906929 100 default
t 752 432 784 432 0 -1 2.5381077764315427 -0.6548668424906929 100 default
g 784 448 832 448 0 0
w 784 304 448 304 0
w 416 112 496 112 0
t 496 112 496 80 0 1 -3.595126845698805 0.6548670596426067 100 default
R 512 80 560 80 0 0 40 9 0 0 0.5
r 528 336 592 336 0 10
w 416 80 416 112 0
R 320 144 256 144 0 0 40 -9 0 0 0.5
R 400 -64 352 -64 0 3 200 2.5 2.5 0 0.5
R 304 288 256 288 0 0 40 5 0 0 0.5
174 304 288 384 368 1 1000 0.36140000000000005 Resistance
g 304 384 304 416 0 0
368 384 336 352 288 0 0
409 416 -48 416 16 1 0.6 -13.861855365687397 0.0231 0
w 432 -48 432 -64 0
w 400 -48 400 -64 0
R 384 -16 352 -16 0 0 40 -9 0 0 0.5
R 448 -16 448 0 0 0 40 9 0 0 0.5
w 480 -64 480 80 0
w 416 64 416 80 0
w 368 64 368 16 0
g 320 48 304 32 0 0
w 416 64 416 16 0
w 784 304 784 416 0
w 752 432 512 432 0
w 432 144 480 144 0
w 480 80 480 144 0
o 14 64 0 x83053 5e-8 1e-9 0 2 1.25 0 14 3 0.005 0
o 13 1 0 4099 5 0.00009765625 1 4 13 3 33 0 33 3
o 15 1 1 4099 5 0.00009765625 2 1
o 47 1 0 4099 10 0.000390625 3 2 47 3
38 19 F1 0 0 5 -1 Voltage
