$ 1 0.000005 2.5790339917193066 55 5 50 5e-11
w 384 208 416 208 0
w 384 304 416 304 0
r 384 208 384 304 0 1000000
r 416 208 416 160 0 10
d 416 224 416 208 2 default
d 416 240 416 224 2 default
d 416 256 416 240 2 default
d 416 272 416 256 2 default
d 416 304 416 272 2 default
w 416 208 448 208 0
i 448 208 448 304 0 0.01
w 416 304 448 304 0
a 416 -64 416 32 8 15 -15 1000000 0.5599881599654966 0.5600001120935572 100000
w 480 -64 432 -64 0
r 480 16 480 -64 0 1000
w 416 160 432 144 0
t 416 112 416 144 0 -1 2.1947575081649617 0.6347693481994652 100 default
w 320 144 400 144 0
w 416 304 416 336 0
a 400 336 400 432 8 15 -15 1000000 3.1929744179493027 3.193 100000
R 224 320 16 320 0 0 40 3.2 0 0 0.5
w 416 336 496 336 0
w 512 432 400 432 0
R 592 336 656 336 0 0 40 5 0 0 0.5
t 512 432 512 336 0 1 -2.4417949302375774 -0.6347693482303671 100 default
t 512 432 544 432 0 -1 2.5582050697189356 -0.6347693482303671 100 default
g 544 448 592 448 0 0
w 544 416 416 336 0
w 416 112 480 96 0
t 480 96 480 64 0 1 -7.805242491835038 0.6347693481994652 100 default
w 464 64 480 16 0
w 464 64 432 144 0
R 496 64 544 64 0 0 40 9 0 0 0.5
r 528 336 592 336 0 10
w 416 80 416 112 0
r 416 32 416 80 0 10
R 320 144 256 144 0 0 40 -1 0 0 0.5
R 400 -64 352 -64 0 3 200 2.5 2.5 0 0.5
p 528 304 528 208 3 0 0
w 448 208 528 208 0
w 448 304 528 304 0
R 304 288 256 288 0 0 40 5 0 0 0.5
174 304 288 384 368 1 1000 0.36140000000000005 Resistance
g 304 384 304 416 0 0
368 384 336 352 288 0 0
o 15 64 0 x83053 5e-8 1e-9 0 2 1.25 0 15 3 0.005 0
38 20 F1 0 0 5 -1 Voltage
