$ 1 0.000005 0.8729138363720133 50 5 43 5e-11
r 176 80 384 80 0 3
w 176 80 176 352 0
c 384 352 176 352 0 0.000022 -0.10792167502466925 -10
l 384 80 384 352 0 0.001 -0.001830799928212929 0
v 448 352 448 80 0 0 40 9 0 0 0.5
r 384 352 448 352 0 50
t 416 32 416 64 0 1 -8.892078323178131 -0.0054923989123078 100 default
w 448 80 432 64 0
w 400 64 384 80 0
r 416 32 352 32 0 100
v 288 32 352 32 0 2 100 2.5 2.5 0 0.5
w 288 32 176 80 0
o 2 1 0 4099 1.25 0.2 0 2 2 3
38 2 F1 0 0.000001 0.000101 -1 Capacitance
38 3 F1 0 0.01 1.01 -1 Inductance
38 0 F1 0 1 101 -1 Resistance
