$ 1 0.000005 0.18682459574322224 50 5 50 5e-11
r 272 208 272 336 0 2200
t 224 432 272 432 0 1 0.25661070558495047 0.5717582028702842 100 default
t 336 336 384 336 0 1 -1.5345432146213236 0.31514749728533376 100 default
w 272 336 272 416 0
r 208 336 128 336 0 27000
w 208 336 272 336 0
w 128 336 128 432 0
w 128 432 128 512 0
r 128 512 224 512 0 10000
c 224 512 352 512 0 1e-8 -1.143034081770105 0
w 272 448 384 448 0
l 384 288 384 208 0 1 -0.019611137306470572 0
d 496 320 496 384 2 default-led
w 496 384 496 448 0
w 384 448 496 448 0
w 352 512 448 512 0
w 272 208 384 208 0
i 752 432 752 336 0 0.02
w 752 432 752 448 0
w 448 320 496 320 0
w 448 320 384 320 0
g 752 448 752 480 0 0
368 336 336 336 368 0 0
368 208 336 208 288 0 0
368 128 432 80 432 0 0
368 272 208 240 176 0 0
368 448 320 448 288 0 0
r 752 208 752 336 0 100
368 752 208 848 208 0 0
368 752 336 864 336 0 0
368 752 448 848 448 0 0
370 384 352 384 448 1 0 0
w 384 288 384 320 0
w 384 208 576 208 0
w 576 208 752 208 0
w 496 448 576 448 0
w 576 448 752 448 0
370 272 336 336 336 1 0 0
370 448 320 448 512 1 0 0
370 128 432 224 432 1 0 0
368 224 512 224 544 0 0
o 9 1 0 12291 1.2418977306986911 0.6302146697489144 0 7 31 0 31 3 24 0 24 3 24 0 24 3
o 31 1 0 13313 0.0001 0.019999999779063374 1 4 31 3 37 0 37 3
o 38 2 0 12289 0.0001 0.0001 2 2 38 3
o 25 2 0 4098 5 3.2 3 2 25 3
38 4 F1 0 10000 30000 -1 Resistance
