$ 1 0.000005 10.20027730826997 50 5 50 5e-11
g 192 160 192 192 0 0
w 576 288 576 240 0
w 496 288 576 288 0
w 80 288 496 288 0
w 80 128 80 288 0
r 80 128 192 128 0 1000
w 272 64 272 144 0
w 192 64 192 128 0
c 192 64 272 64 0 0.00001 13.219106781730362 0.001
a 192 144 272 144 8 15 -15 1000000 0.00013218974591984442 0 100000
w 496 160 576 160 0
a 416 160 496 160 9 15 -15 1000000 0 -14.110192798132125 100000
R 384 80 320 80 0 0 40 5 0 0 0.5
g 416 240 416 256 0 0
w 416 176 416 240 0
w 576 160 576 240 0
w 576 160 624 160 0
w 416 80 480 80 0
w 416 144 416 80 0
w 576 80 576 160 0
r 272 144 416 144 0 1000
r 480 80 576 80 0 1000
