$ 1 0.000005 0.7389056098930651 43 5 50 5e-11
a 464 352 592 352 8 15 -15 1000000 -4.999999868555723 -4.9962065402599 100000
r 592 464 496 464 0 10000
r 400 464 400 560 0 10000
c 496 464 400 464 0 1e-8 -5.303758389346806 0.001
c 352 464 352 560 0 1e-8 -4.9962065402599 0.001
w 400 464 352 464 0
w 352 560 400 560 0
w 656 464 656 352 0
w 400 464 400 368 0
w 400 368 464 368 0
g 352 560 352 592 0 0
g 256 336 256 368 0 0
r 256 336 352 336 0 10000
w 416 336 464 336 0
r 416 240 528 240 0 20000
w 528 240 656 240 0
w 656 240 656 352 0
w 416 240 416 336 0
w 352 336 416 336 0
370 592 352 656 352 1 0 0
370 592 464 656 464 1 0 0
o 3 4 0 4099 20 0.003125 0 2 3 3
o 19 4 0 4099 20 0.003125 1 2 19 3
