$ 1 0.000005 0.529449005047003 50 5 50 5e-11
r 272 208 272 336 0 2200
t 224 432 272 432 0 1 0.5212061976771882 0.601036416522848 100 default
t 336 336 384 336 0 1 -2.429612957995731 0.07983021884565977 100 default
w 272 336 272 416 0
r 208 336 128 336 0 27000
w 208 336 272 336 0
w 128 432 128 512 0
r 128 512 224 512 0 10000
c 352 512 224 512 0 1e-8 1.0326658066355219 0
w 272 448 384 448 0
w 496 432 496 448 0
w 384 448 496 448 0
w 352 512 448 512 0
w 272 208 384 208 0
i 752 432 752 336 0 0.03
w 752 432 752 448 0
w 448 320 496 320 0
w 448 320 384 320 0
g 752 448 752 480 0 0
368 336 336 336 368 0 0
368 208 336 208 288 0 0
368 128 432 80 432 0 0
368 272 208 240 176 0 0
368 448 320 448 288 0 0
368 752 208 848 208 0 0
368 752 336 864 336 0 0
368 752 448 848 448 0 0
370 384 352 384 448 1 0 0
w 384 288 384 320 0
w 384 208 576 208 0
w 496 448 576 448 0
370 272 336 336 336 1 0 0
370 448 320 448 512 1 0 0
370 128 432 224 432 1 0 0
368 224 512 224 544 0 0
370 128 336 128 432 1 0 0
w 384 224 384 208 0
w 576 448 656 448 0
w 656 208 752 208 0
w 656 448 752 448 0
w 752 208 752 336 0
d 656 400 656 448 2 default
368 656 208 656 144 0 0
162 656 336 656 400 2 default-led 1 0 0 0.01
162 496 320 496 368 2 default-led 1 0 0 0.01
162 496 368 496 432 2 default-led 1 0 0 0.01
w 576 208 656 208 0
w 656 208 656 336 0
w 384 224 384 288 0
l 528 304 528 240 0 1 0 0
o 27 2 0 12290 2.510703895668821 0.0001 0 8 27 3 31 0 31 3 23 0 23 3 8 0 8 3
38 4 F1 0 10000 30000 -1 Resistance
