$ 1 0.000005 15.472767971186109 50 5 50 5e-11
165 512 336 704 336 6 8.93043574026628
R 576 304 576 272 0 0 40 9 0 0 0.5
g 608 496 608 528 0 0
R 640 304 688 304 0 0 40 9 0 0 0.5
w 512 464 448 464 0
w 448 432 448 464 0
c 448 464 448 528 0 0.00001 4.526146681705576 0.001
g 496 528 496 544 0 0
r 448 368 384 368 0 10000
R 384 272 384 240 0 0 40 9 0 0 0.5
w 384 272 384 368 0
w 448 368 512 368 0
162 640 400 704 400 2 default-led 1 0 0 0.01
r 704 400 704 528 0 100
g 704 528 704 544 0 0
w 640 368 640 304 0
r 496 272 496 352 0 1000
w 496 352 496 432 0
w 496 432 512 432 0
w 496 432 496 496 0
s 496 496 496 528 0 1 true
g 448 528 448 544 0 0
w 448 432 448 368 0
w 384 272 496 272 0
o 6 64 0 4099 10 0.8 0 2 6 3
o 12 64 0 4099 2.5 0.1 1 2 12 3
