$ 1 0.000005 32.755850052045055 50 5 50 5e-11
165 512 336 704 336 6 0
R 576 304 576 272 0 0 40 5 0 0 0.5
g 608 496 608 528 0 0
R 640 304 688 304 0 0 40 5 0 0 0.5
w 512 432 448 432 0
w 512 464 448 464 0
w 448 432 448 464 0
c 448 464 448 528 0 0.00001 2.0076294935538352 0.001
g 448 528 448 544 0 0
r 448 368 384 368 0 1000
R 384 272 384 240 0 0 40 5 0 0 0.5
w 384 272 384 368 0
w 448 368 512 368 0
162 640 400 704 400 2 default-led 1 0 0 0.01
r 704 400 704 528 0 100
g 704 528 704 544 0 0
w 640 368 640 304 0
r 448 368 448 432 0 1000
d 416 400 416 432 2 default
w 448 368 416 400 0
w 448 432 416 432 0
o 7 64 0 4099 5 0.0125 0 2 7 3
